5314
1074
9381
8953
3848
6362
7249
6964
297
5421
5851
1084
966
3356
1249
4232
3514
8887
3244
6222
4325
6031
637
11
1816
589
260
2647
650
5762
1093
5840
4944
7007
4703
6934
4239
3749
5553
5642
698
8100
7407
7135
3943
6050
5547
6272
2650
4694
8576
8762
2131
9578
8452
58
6288
8760
5245
7686
7627
5947
525
2731
3775
4214
9391
7346
397
9351
6253
8498
6657
2093
727
4318
8866
196
7532
6057
2900
8119
1521
5931
1276
8329
7558
6291
5687
3629
7917
8806
5238
2634
9322
2481
5787
1172
8074
9168
391
1941
149
9777
1003
618
6739
9136
1662
2522
4718
380
6330
7445
3859
2236
6976
3659
6385
4186
3542
7030
933
2806
1359
6332
542
3139
594
908
9580
1389
5622
7100
9776
1248
2220
2824
6685
5431
3396
3251
3579
6174
9138
3423
4910
8342
5989
6402
5534
7928
9880
2879
1728
9708
3265
4652
3007
8505
4679
1947
5600
8145
8247
227
9547
8576
2237
8917
7330
781
5506
8515
6422
1382
5728
3366
3052
7151
6524
1800
7081
5243
2682
9609
9275
8699
7967
99
6340
7320
1263
6861
1215
9471
9735
8416
8214
1545
8593
5403
7759
3623
7897
4332
6158
3039
3805
5947
2392
4839
6982
5666
7826
7022
4331
7349
2414
6875
3481
2879
6904
8637
3523
7106
835
3704
5788
6406
3520
373
4921
124
1757
3955
2850
9680
4421
3193
1204
1674
6841
624
1695
7970
2589
1555
8210
8086
2157
5387
994
7604
7357
1526
5097
9029
5926
8920
2095
4750
5187
7253
6788
4338
9651
8023
5696
1691
8562
9760
8796
7448
6000
6681
5684
1736
4752
8451
1971
6645
6169
8866
8251
5102
1150
250
731
3173
3767
739
4073
1805
8569
1144
158
5962
3188
1569
6099
4195
6110
6149
6892
9539
2474
1670
7538
9948
8603
5099
6284
654
1503
1264
6697
9888
6997
8946
9104
1135
5839
4307
4031
6547
6185
5768
4432
3698
3437
8335
7148
465
1874
2944
6615
6402
1804
5459
2281
9253
5230
1691
7862
742
37
8673
9677
169
7946
8950
9407
6679
9449
6686
9187
2545
408
603
1363
704
3193
8935
7291
668
4463
9135
7694
8038
7821
9736
8200
3489
1716
5765
1259
2136
1835
7070
3977
4159
8114
8404
561
2390
8914
1322
269
5927
6119
5629
2052
5524
5708
8666
7269
8941
3736
7256
2376
4015
9432
7447
5870
3287
6215
4583
5002
9599
3623
5138
9199
4437
6141
3058
4943
7988
9879
3904
1198
7527
5992
7785
4877
2912
1678
5843
5486
3868
4615
3531
6704
8789
7646
2042
9453
3996
1258
4929
3502
6519
9240
2522
4511
9737
7851
3432
5511
1846
9955
3011
2790
706
1835
3071
1221
9342
4093
404
8190
433
5359
5236
283
8085
8487
9470
4717
6231
9041
8857
1333
5907
2278
236
9220
5658
4247
714
3777
5034
8098
7574
8687
4150
8868
3421
1158
4373
4610
3518
6526
8832
9094
547
9043
6531
4409
8419
7953
82
1229
6717
6062
8100
8321
7565
9896
9290
7943
6913
9737
3349
9570
3395
3008
1319
4749
7119
393
3258
5001
3618
1711
4102
9187
3255
3623
6156
6791
3024
5412
5417
8505
5336
5788
4664
563
573
5737
3777
3226
6472
9494
9940
1486
3202
804
344
7443
5369
1376
654
3750
315
8430
9886
9051
1298
9691
6500
3406
9302
661
6612
9749
6801
5600
8476
8164
722
1548
6082
8520
7091
825
1864
2766
3763
6574
8966
8178
5394
9000
9752
5226
6671
4490
3027
9387
253
7580
2309
1221
6558
9406
7773
8486
8452
6779
1639
5146
41
2510
3324
3027
6127
2051
9039
8996
1471
2294
1120
1958
237
9890
6209
6051
8684
8270
5336
1820
7080
3190
210
8220
9010
1151
851
1379
1925
9531
2564
873
8393
9576
6511
8074
6621
2579
9622
8922
2789
8333
2364
8074
7280
732
2316
7097
9550
2450
9887
5119
7872
9721
1061
5439
5046
4964
4190
1772
1879
3731
5041
2796
2668
4136
2520
3817
179
3129
7990
5936
1239
8684
7145
1159
4238
3611
7684
4967
5264
7752
7520
1799
647
9687
174
4561
5125
5398
3303
8441
4181
7223
2904
7224
6504
7619
3044
4447
4828
5933
2607
5812
7731
6773
2371
4606
7830
1070
1045
1599
3807
3706
474
2627
2121
8218
7242
5781
9010
680
207
1937
9616
9538
7094
6606
7291
8201
6948
6170
4836
8764
9261
1854
3474
5295
1941
8804
5288
2640
285
8854
3875
4624
3576
7289
9162
974
4591
3186
3725
7801
2833
2147
5169
6249
44
1690
2481
6829
7452
3179
8630
5114
3201
6236
3207
5659
5103
7173
2499
4531
9640
7734
5901
6458
1048
6914
8436
971
6199
1387
3637
6556
6036
5885
3637
7138
5328
6931
1256
5624
1764
3210
2226
631
9852
1525
4719
5023
2963
5836
5477
8937
6169
8348
1322
773
1158
2479
3305
5947
6240
300
4118
4645
2491
3231
2842
6633
2025
8218
5956
1255
6070
7764
7094
6698
7789
7326
6591
2673
9025
1886
7398
3907
1151
2
6113
9983
5476
9309
5365
5318
3933
6950
5171
2302
6279
2100
1904
3540
7548
2968
4319
5816
5917
3660
5364
5404
1769
758
9850
4856
6217
1409
5706
6127
381
7959
4955
7611
1233
453
729
142
5103
547
8012
5944
6903
8476
2683
3750
1088
3970
9356
4549
1046
3024
7143
730
1882
9481
1154
7131
8970
6535
700
301
615
1171
264
8907
2235
4358
455
8590
9904
5331
9720
9606
2465
6943
9759
8293
7770
2041
3186
9203
1866
8087
8915
3087
2482
4867
6865
4403
4217
6028
3983
3995
751
340
9509
9707
9040
8420
9989
2528
1061
2260
1876
5781
2447
4154
7464
6196
4009
4864
6331
2762
9087
3077
6672
4711
9689
8623
4867
3443
7718
4669
5723
1387
6706
5543
7653
5117
4731
4096
11
3017
3695
2162
9242
3694
2841
9570
3210
7551
2989
1663
8700
1576
8411
4736
6492
5878
5055
7834
6494
2653
819
687
4839
